           1  0.50000000000000000      -0.12319828861224513                1
           2  0.56159914430612257       -4.9658598587050573E-002           1
           3  0.58642844359964785       -2.8004078156889101E-002           1
           4  0.60043048267809240       -3.3563652716943615E-003           1
           5  0.60210866531393958       -2.2501279308195343E-002           1
           6  0.61335930496803726       -1.3791839531926975E-002           1
           7  0.62025522473400074       -7.2164817201537002E-002           1
           8  0.65633763333476924       -6.5860617928179543E-003           1
           9  0.65963066423117822       -5.9684761131761910E-003           1
          10  0.66261490228776632       -1.5239437556616053E-002           1
          11  0.67023462106607434       -3.2647555787463922E-003           1
          12  0.67186699885544754       -4.2448912424934981E-003           1
          13  0.67398944447669429       -6.3950635018947821E-003           1
          14  0.67718697622764168       -8.4672043164375488E-003           1
          15  0.68142057838586045       -1.0158889776115121E-002           1
          16  0.68650002327391801       -3.0308598262919872E-002           1
          17  0.70165432240537795       -1.1031310044776532E-002           1
          18  0.70716997742776622       -1.5227565416761291E-002           1
          19  0.71478376013614686       -8.1111868869543358E-003           1
          20  0.71883935357962403      -0.16297711917299784                1
          21  0.80032791316612295       -6.2838791104087299E-003           1
          22  0.80346985272132732       -4.0122475849597272E-002           1
          23  0.82353109064612595       -8.8097547144925237E-003           1
          24  0.82793596800337221       -1.5750195906409470E-002           1
          25  0.83581106595657695       -8.7965952249813295E-003           1
          26  0.84020936356906761       -1.4597535995643174E-002           1
          27  0.84750813156688920       -1.0975736825000748E-002           1
          28  0.85299599997938957       -7.6045481812656579E-003           1
          29  0.85679827407002240       -1.7860960924171776E-002           1
          30  0.86572875453210829       -2.2276564212329042E-003           1
          31  0.86684258274272474       -6.7531775581199938E-003           1
          32  0.87021917152178474       -4.8874257977176150E-003           1
          33  0.87266288442064355       -1.2609008961961266E-003           1
          34  0.87329333486874161       -1.4908532695432353E-003           1
          35  0.87403876150351323       -5.7281131308517530E-003           1
          36  0.87690281806893910       -6.1202543595317849E-004           1
          37  0.87720883078691569       -1.3450260939933401E-003           1
          38  0.87788134383391236       -2.1350264196765112E-002           1
          39  0.88855647593229492       -9.1551936274658630E-004           1
          40  0.88901423561366821       -1.1461926623073104E-003           1
          41  0.88958733194482187       -6.3749622293673980E-004           1
          42  0.88990608005629024       -1.8489204133558701E-002           1
          43  0.89915068212306959       -1.0559661686291300E-003           1
          44  0.89967866520738415       -9.9008264026061443E-003           1
          45  0.90462907840868723       -6.5004311917271629E-004           1
          46  0.90495409996827358       -2.3747232370412430E-003           1
          47  0.90614146158679421       -8.6539156037046538E-004           1
          48  0.90657415736697944       -7.7456384858742844E-004           1
          49  0.90696143929127315       -1.5538691617977829E-003           1
          50  0.90773837387217204       -1.7625339443867460E-003           1
          51  0.90861964084436542       -3.8287028859202987E-003           1
          52  0.91053399228732557       -3.3293643964227293E-004           1
          53  0.91070046050714670       -1.2715523870992840E-002           1
          54  0.91705822244264312       -7.8792636244040537E-004           1
          55  0.91745218562386333       -8.3158402374983176E-004           1
          56  0.91786797763573824       -1.1458873912610912E-003           1
          57  0.91844092133136879       -3.7186851184657366E-002           1
          58  0.93703434692369747       -7.4022653273115857E-003           1
          59  0.94073547958735326       -3.3113370630108996E-003           1
          60  0.94239114811885871       -5.5285911444946656E-004           1
          61  0.94266757767608345       -2.9567955681979452E-003           1
          62  0.94414597546018242       -3.9267546639367712E-003           1
          63  0.94610935279215080       -3.8673888273494939E-003           1
          64  0.94804304720582555       -2.4439009884182905E-003           1
          65  0.94926499770003470       -2.8090516323617809E-003           1
          66  0.95066952351621559       -2.2503408273544245E-004           1
          67  0.95078204055758331       -1.9595128620597535E-004           1
          68  0.95088001620068630       -1.6467172599032853E-003           1
          69  0.95170337483063794       -4.9194667341168064E-004           1
          70  0.95194934816734378       -1.4728697097838861E-003           1
          71  0.95268578302223572       -1.0704002852364169E-002           1
          72  0.95803778444841781       -2.5423423271475620E-004           1
          73  0.95816490156477518       -8.8117881612381765E-004           1
          74  0.95860549097283709       -1.5717970741804255E-003           1
          75  0.95939138950992731       -1.1916430600278360E-004           1
          76  0.95945097166292870       -3.2443875158527646E-004           1
          77  0.95961319103872134       -7.3270316527054291E-003           1
          78  0.96327670686507405       -1.5140544118557031E-003           1
          79  0.96403373407100190       -2.1936379638520798E-004           1
          80  0.96414341596919451       -8.2373565940985216E-005           1
          81  0.96418460275216500       -2.4111275877225502E-004           1
          82  0.96430515913155113       -1.6275295157495151E-003           1
          83  0.96511892388942588       -1.7704127439714945E-003           1
          84  0.96600413026141163       -3.4815164845032331E-003           1
          85  0.96774488850366325       -4.5461799791368662E-004           1
          86  0.96797219750262009       -1.4557469142006951E-004           1
          87  0.96804498484833013       -2.8882536734586850E-003           1
          88  0.96948911168505947       -4.5566576741684628E-004           1
          89  0.96971694456876789       -1.4081199269811995E-002           1
          90  0.97675754420367389       -6.5765444573884224E-004           1
          91  0.97708637142654331       -8.4539848225428926E-005           1
          92  0.97712864135065602       -1.8145363724009211E-003           1
          93  0.97803590953685648       -9.3009770152696625E-004           1
          94  0.97850095838761997       -1.2296214508673575E-003           1
          95  0.97911576911305365       -3.1675468145353491E-004           1
          96  0.97927414645378041       -9.3987943299511656E-005           1
          97  0.97932114042543017       -4.2447727067473906E-004           1
          98  0.97953337906076754       -9.2705135301907049E-005           1
          99  0.97957973162841849       -8.6965884456002840E-005           1
         100  0.97962321457064649       -1.6856769499051794E-004           1
         101  0.97970749841814175       -6.9413095327752750E-004           1
         102  0.98005456389478052       -7.9005519052888218E-004           1
         103  0.98044959149004496       -3.8012249099184103E-004           1
         104  0.98063965273554088       -2.8930933862980623E-004           1
         105  0.98078430740485578       -4.1701480302469562E-004           1
         106  0.98099281480636813       -2.1618596508601318E-003           1
         107  0.98207374463179820       -2.4265863166839097E-005           1
         108  0.98208587756338162       -2.0734918101172894E-004           1
         109  0.98218955215388748       -3.4596473361081514E-004           1
         110  0.98236253452069289       -2.6152988888084039E-004           1
         111  0.98249329946513331       -2.1323063914246987E-004           1
         112  0.98259991478470454       -1.9109071898963936E-003           1
         113  0.98355536837965274       -2.2882194489359797E-004           1
         114  0.98366977935209954       -2.9868036281244237E-004           1
         115  0.98381911953350576       -5.6981791360488643E-005           1
         116  0.98384761042918600       -1.6975036615063388E-004           1
         117  0.98393248561226132       -1.0853245286179813E-003           1
         118  0.98447514787657031       -6.6560135101578766E-004           1
         119  0.98480794855207821       -4.6864703346249925E-005           1
         120  0.98483138090375133       -2.9827722320052708E-004           1
         121  0.98498051951535159       -6.9855160295628771E-004           1
         122  0.98532979531682974       -1.8186161410360668E-005           1
         123  0.98533888839753492       -3.1972013638315033E-004           1
         124  0.98549874846572649       -6.1771366945739814E-004           1
         125  0.98580760530045519       -1.4622628954308325E-004           1
         126  0.98588071844522673       -8.1246169106941046E-004           1
         127  0.98628694929076144       -7.5553392038463230E-005           1
         128  0.98632472598678067       -5.1919122368127013E-004           1
         129  0.98658432159862131       -7.9772323636762010E-005           1
         130  0.98662420776043969       -7.4417977828833415E-004           1
         131  0.98699629764958385       -1.6054007308707874E-004           1
         132  0.98707656768612739       -4.4533413204423944E-003           1
         133  0.98930323834634859       -1.2450856473811278E-004           1
         134  0.98936549262871765       -4.9003803289648928E-004           1
         135  0.98961051164516589       -6.2806293317718698E-004           1
         136  0.98992454311175448       -8.9958795329914132E-004           1
         137  0.99037433708840406       -6.0070871637174506E-005           1
         138  0.99040437252422264       -5.9356253613840337E-004           1
         139  0.99070115379229184       -1.7080436454497416E-003           1
         140  0.99155517561501672       -3.7208937140185139E-003           1
         141  0.99341562247202597       -1.7528583071513282E-004           1
         142  0.99350326538738354       -1.0222640968304830E-004           1
         143  0.99355437859222506       -2.7871599958539939E-004           1
         144  0.99369373659201776       -1.3000073640467846E-005           1
         145  0.99370023662883800       -2.8940466156868183E-005           1
         146  0.99371470686191643       -1.8225369954105730E-005           1
         147  0.99372381954689348       -2.1759413449506937E-005           1
         148  0.99373469925361824       -1.4764900115182833E-004           1
         149  0.99380852375419415       -1.8238523890201641E-004           1
         150  0.99389971637364516       -4.8679067295998024E-005           1
         151  0.99392405590729316       -4.2030861969521993E-005           1
         152  0.99394507133827792       -2.2022029582124958E-005           1
         153  0.99395608235306898       -1.0950104380191839E-004           1
         154  0.99401083287496994       -2.9900472150923285E-004           1
         155  0.99416033523572456       -4.2639131598254387E-004           1
         156  0.99437353089371583       -8.5184064402277215E-006           1
         157  0.99437779009693594       -8.3114215133406333E-005           1
         158  0.99441934720450265       -1.1105347730566706E-004           1
         159  0.99447487394315548       -1.2357440033650136E-004           1
         160  0.99453666114332373       -2.0489209617524651E-004           1
         161  0.99463910719141135       -3.2968059294669061E-004           1
         162  0.99480394748788470       -1.3090700133000510E-005           1
         163  0.99481049283795120       -1.0438020433300998E-004           1
         164  0.99486268294011770       -1.0383966307414561E-004           1
         165  0.99491460277165478       -6.5269189130523486E-005           1
         166  0.99494723736622004       -2.5417571108810044E-004           1
         167  0.99507432522176409       -1.5241017146161440E-004           1
         168  0.99515053030749490       -1.4974579149407141E-004           1
         169  0.99522540320324193       -1.1015756837151613E-004           1
         170  0.99528048198742769       -3.8339122980479701E-004           1
         171  0.99547217760233009       -5.3968214806410231E-005           1
         172  0.99549916170973329       -2.4371795261624030E-004           1
         173  0.99562102068604141       -9.5467315544883746E-005           1
         174  0.99566875434381386       -4.8425162462395477E-005           1
         175  0.99569296692504505       -5.9089246851717903E-005           1
         176  0.99572251154847091       -3.9748380034065889E-006           1
         177  0.99572449896747262       -2.4829094214173786E-004           1
         178  0.99584864443854348       -1.7234692319068046E-005           1
         179  0.99585726178470302       -9.6426879458988424E-006           1
         180  0.99586208312867597       -1.0249779925919356E-005           1
         181  0.99586720801863893       -2.3368253008859696E-005           1
         182  0.99587889214514336       -1.2285479331630711E-004           1
         183  0.99594031954180151       -5.3413409059288597E-004           1
         184  0.99620738658709795       -7.6616794897343965E-006           1
         185  0.99621121742684282       -1.5113161933855146E-004           1
         186  0.99628678323651210       -8.8986774726240725E-005           1
         187  0.99633127662387522       -1.3280046329056105E-005           1
         188  0.99633791664703975       -1.2798977660799515E-004           1
         189  0.99640191153534374       -1.2072468685397908E-004           1
         190  0.99646227387877073       -3.9636507331186621E-005           1
         191  0.99648209213243633       -1.2439186553692139E-005           1
         192  0.99648831172571317       -4.5640336189345376E-004           1
         193  0.99671651340665990       -2.1316006434402013E-005           1
         194  0.99672717140987710       -3.1698460297935327E-005           1
         195  0.99674302064002607       -2.9070246014617496E-005           1
         196  0.99675755576303338       -1.9326142463027551E-005           1
         197  0.99676721883426489       -9.4708231626050576E-005           1
         198  0.99681457295007792       -1.9093555403415507E-006           1
         199  0.99681552762784809       -2.7492975012366472E-005           1
         200  0.99682927411535427       -2.1213320695601112E-005           1
         201  0.99683988077570207       -7.9481650245849522E-006           1
         202  0.99684385485821436       -3.6005614298506572E-005           1
         203  0.99686185766536362       -1.7168141180712304E-004           1
         204  0.99694769837126718       -2.6600350819072638E-004           1
         205  0.99708070012536254       -6.3101624052652738E-005           1
         206  0.99711225093738887       -2.7478388343382676E-005           1
         207  0.99712599013156056       -7.8773307696122785E-005           1
         208  0.99716537678540862       -1.7091990200102103E-004           1
         209  0.99725083673640913       -9.5906502696418983E-005           1
         210  0.99729878998775734       -1.0623991001601496E-005           1
         211  0.99730410198325814       -7.8193940965287645E-004           1
         212  0.99769507168808458       -8.2807746923485581E-005           1
         213  0.99773647556154632       -1.9101957288603089E-005           1
         214  0.99774602654019062       -8.7137761815014869E-006           1
         215  0.99775038342828137       -2.4794402841954444E-004           1
         216  0.99787435544249115       -7.7528832016948712E-005           1
         217  0.99791311985849962       -8.7845969518607347E-006           1
         218  0.99791751215697555       -1.0990172598202008E-005           1
         219  0.99792300724327465       -4.0119526043769227E-005           1
         220  0.99794306700629654       -5.3267002382950679E-005           1
         221  0.99796970050748801       -1.1871157885368078E-005           1
         222  0.99797563608643070       -1.4741041512555952E-005           1
         223  0.99798300660718697       -2.3421271576884450E-004           1
         224  0.99810011296507140       -2.8079443688211470E-005           1
         225  0.99811415268691550       -1.4642102923883016E-003           1
         226  0.99884625783310965       -1.4334388054981773E-005           1
         227  0.99885342502713714       -2.7495576268909971E-005           1
         228  0.99886717281527160       -7.4005787515929455E-006           1
         229  0.99887087310464739       -1.9536412670717596E-005           1
         230  0.99888064131098275       -4.9579159125068273E-005           1
         231  0.99890543089054529       -5.9803334067076719E-006           1
         232  0.99890842105724864       -2.2992346657702001E-006           1
         233  0.99890957067458153       -3.6449386118242444E-006           1
         234  0.99891139314388744       -3.6680405664846205E-005           1
         235  0.99892973334671986       -1.9550244906740843E-005           1
         236  0.99893950846917323       -1.6689694168903202E-005           1
         237  0.99894785331625768       -6.2061839185556522E-006           1
         238  0.99895095640821696       -6.1232979615688521E-006           1
         239  0.99895401805719775       -1.4216192555149831E-005           1
         240  0.99896112615347532       -2.0946470971394682E-004           1
         241  0.99906585850833229       -7.4392732407613238E-006           1
         242  0.99906957814495267       -1.4208888374778184E-006           1
         243  0.99907028858937141       -4.4204113357482200E-005           1
         244  0.99909239064605015       -3.1964567400954991E-005           1
         245  0.99910837292975063       -1.3462429166999357E-006           1
         246  0.99910904605120898       -1.0892865449196876E-005           1
         247  0.99911449248393358       -8.7692696821850546E-006           1
         248  0.99911887711877467       -9.3901681978980633E-006           1
         249  0.99912357220287362       -9.0502463350183859E-006           1
         250  0.99912809732604113       -2.7518755076894053E-006           1
         251  0.99912947326379498       -9.5819337133873361E-005           1
         252  0.99917738293236191       -1.4458405983530653E-004           1
         253  0.99924967496227957       -2.0918830878624561E-006           1
         254  0.99925072090382350       -2.5419265274884140E-006           1
         255  0.99925199186708724       -6.8765056386865808E-006           1
         256  0.99925543011990658       -5.0452681884305406E-005           1
         257  0.99928065646084874       -9.8739222441412977E-005           1
         258  0.99933002607206944       -1.9123320703862134E-005           1
         259  0.99933958773242137       -1.7530428217282790E-005           1
         260  0.99934835294653002       -8.7506226147393562E-006           1
         261  0.99935272825783739       -2.1529136651876613E-005           1
         262  0.99936349282616332       -7.1801333052512462E-006           1
         263  0.99936708289281595       -5.7257901420193491E-006           1
         264  0.99936994578788696       -2.2362479830118076E-006           1
         265  0.99937106391187847       -5.0186226039361514E-006           1
         266  0.99937357322318043       -9.0760987849769492E-006           1
         267  0.99937811127257292       -1.3606989650161161E-004           1
         268  0.99944614622082373       -2.1834507777374057E-006           1
         269  0.99944723794621260       -5.3545133962273894E-006           1
         270  0.99944991520291071       -3.8806161088977831E-006           1
         271  0.99945185551096516       -5.2523523921266246E-006           1
         272  0.99945448168716122       -2.9131837278040251E-006           1
         273  0.99945593827902512       -3.4355108093908626E-006           1
         274  0.99945765603442982       -1.7821751996827118E-005           1
         275  0.99946656691042823       -2.4064779517996016E-006           1
         276  0.99946777014940413       -7.0687071831443404E-006           1
         277  0.99947130450299571       -2.1257758708870256E-007           1
         278  0.99947141079178925       -1.6514000252376704E-005           1
         279  0.99947966779191544       -1.9256860277483412E-006           1
         280  0.99948063063492931       -3.2781070717913252E-006           1
         281  0.99948226968846521       -8.1583185900235833E-006           1
         282  0.99948634884776022       -1.2555331062813480E-005           1
         283  0.99949262651329163       -2.0365016075718501E-006           1
         284  0.99949364476409541       -2.6290484421709337E-005           1
         285  0.99950679000630627       -6.2176120121382183E-006           1
         286  0.99950989881231234       -1.0535715597503881E-005           1
         287  0.99951516667011109       -3.3813916566760582E-006           1
         288  0.99951685736593943       -8.8599457148674787E-007           1
         289  0.99951730036322517       -4.4743509759470612E-006           1
         290  0.99951953753871314       -5.4149992292362725E-006           1
         291  0.99952224503832776       -4.1492170468337974E-006           1
         292  0.99952431964685118       -1.2748654090177780E-005           1
         293  0.99953069397389627       -1.7537764016206658E-004           1
         294  0.99961838279397730       -2.3278805584725504E-005           1
         295  0.99963002219676966       -2.0594165432097356E-005           1
         296  0.99964031927948571       -2.9898165108122043E-006           1
         297  0.99964181418774112       -7.5728304493871690E-007           1
         298  0.99964219282926359       -3.3097949203808597E-005           1
         299  0.99965874180386549       -1.2379442799748119E-006           1
         300  0.99965936077600548       -2.6070754247209393E-005           1
         301  0.99967239615312908       -2.6008414337752583E-006           1
         302  0.99967369657384597       -1.5236723970080135E-005           1
         303  0.99968131493583101       -5.6362103939555652E-007           1
         304  0.99968159674635071       -5.6497174805159034E-007           1
         305  0.99968187923222473       -2.0121323303756711E-005           1
         306  0.99969193989387661       -1.4005642642755944E-005           1
         307  0.99969894271519799       -1.3747247406881158E-005           1
         308  0.99970581633890143       -7.9913265051967386E-006           1
         309  0.99970981200215403       -8.6996197219413318E-006           1
         310  0.99971416181201500       -9.4335330191874789E-007           1
         311  0.99971463348866596       -1.9215854931697862E-006           1
         312  0.99971559428141255       -8.4780810682971719E-007           1
         313  0.99971601818546596       -7.4927716122719090E-006           1
         314  0.99971976457127210       -5.1410416124220149E-006           1
         315  0.99972233509207831       -1.1169264661159417E-005           1
         316  0.99972791972440889       -3.6381941763696801E-006           1
         317  0.99972973882149707       -6.5859384250632758E-006           1
         318  0.99973303179070960       -1.8231539280488818E-006           1
         319  0.99973394336767363       -7.2657480365556637E-007           1
         320  0.99973430665507546       -1.1605841295114772E-005           1
         321  0.99974010957572301       -1.1620577320403669E-005           1
         322  0.99974591986438321       -6.8026303656765208E-006           1
         323  0.99974932117956605       -1.2421567279208290E-006           1
         324  0.99974994225793001       -2.3807319615709588E-006           1
         325  0.99975113262391080       -2.5613862082440875E-006           1
         326  0.99975241331701492       -2.0970447218715549E-006           1
         327  0.99975346183937586       -1.6190877133670512E-005           1
         328  0.99976155727794269       -3.1727493496891412E-006           1
         329  0.99976314365261754       -7.8575914654877010E-006           1
         330  0.99976707244835028       -7.3021888522539768E-006           1
         331  0.99977072354277641       -9.1786817012051714E-005           1
         332  0.99981661695128243       -3.3962423961586552E-005           1
         333  0.99983359816326323       -3.5954234389734552E-007           1
         334  0.99983377793443518       -3.7094603724252551E-006           1
         335  0.99983563266462139       -1.1544334506785603E-005           1
         336  0.99984140483187478       -2.5507148171399763E-006           1
         337  0.99984268018928335       -1.0507739078846612E-007           1
         338  0.99984273272797874       -7.3504286433045962E-006           1
         339  0.99984640794230040       -2.1247237746990777E-006           1
         340  0.99984747030418775       -1.1125346695006755E-006           1
         341  0.99984802657152250       -6.1636215908933423E-007           1
         342  0.99984833475260204       -3.8553763601623103E-006           1
         343  0.99985026244078212       -1.0109136409086616E-005           1
         344  0.99985531700898667       -1.2555281407866659E-006           1
         345  0.99985594477305706       -1.4733678001865869E-005           1
         346  0.99986331161205799       -1.8365513709817094E-006           1
         347  0.99986422988774348       -2.0957873332339005E-006           1
         348  0.99986527778141010       -5.2269689154726962E-007           1
         349  0.99986553912985587       -5.3363752994251001E-007           1
         350  0.99986580594862084       -3.2221107582053321E-007           1
         351  0.99986596705415876       -2.9761461866062433E-006           1
         352  0.99986745512725206       -1.0202493639255295E-005           1
         353  0.99987255637407169       -4.6649521845409936E-007           1
         354  0.99987278962168091       -1.8646062081018044E-006           1
         355  0.99987372192478496       -1.4847286284869199E-006           1
         356  0.99987446428909921       -8.5124440101225218E-006           1
         357  0.99987872051110427       -3.3688268241682806E-007           1
         358  0.99987888895244548       -8.9801761335994712E-006           1
         359  0.99988337904051228       -8.3108135351395163E-007           1
         360  0.99988379458118903       -1.2628249792534518E-006           1
         361  0.99988442599367866       -1.4553010854179149E-006           1
         362  0.99988515364422137       -1.7211991014676187E-006           1
         363  0.99988601424377210       -1.4193107729099097E-006           1
         364  0.99988672389915856       -8.2094729170201219E-007           1
         365  0.99988713437280441       -1.6662462967165226E-006           1
         366  0.99988796749595277       -2.0666748465902884E-006           1
         367  0.99988900083337606       -8.0842162075711599E-008           1
         368  0.99988904125445710       -1.0736488959883772E-005           1
         369  0.99989440949893704       -2.1614940777237024E-006           1
         370  0.99989549024597590       -3.7960400733894062E-007           1
         371  0.99989568004797957       -2.1792813622578677E-006           1
         372  0.99989676968866070       -6.6948291710389185E-007           1
         373  0.99989710443011925       -2.8335911972376948E-007           1
         374  0.99989724610967912       -2.3894279316483136E-005           1
         375  0.99990919324933736       -8.2928442513008349E-007           1
         376  0.99990960789154992       -3.1922806527084902E-006           1
         377  0.99991120403187628       -2.8718884048650750E-007           1
         378  0.99991134762629652       -3.2466388621976705E-007           1
         379  0.99991150995823963       -5.8420430026906445E-006           1
         380  0.99991443097974098       -1.1992780311054219E-006           1
         381  0.99991503061875653       -4.4080742440666398E-006           1
         382  0.99991723465587856       -1.0355500738667978E-004           1
         383  0.99996901215957190       -3.5626913532649240E-006           1
         384  0.99997079350524853       -3.0962070729501079E-007           1
         385  0.99997094831560218       -2.3371228574653458E-007           1
         386  0.99997106517174505       -2.1589728804727315E-007           1
         387  0.99997117312038908       -1.0838957262837567E-006           1
         388  0.99997171506825222       -2.3060619547266015E-007           1
         389  0.99997183037134996       -1.2372862907561455E-006           1
         390  0.99997244901449533       -4.1062041056250109E-007           1
         391  0.99997265432470062       -2.6542859954403752E-007           1
         392  0.99997278703900039       -7.8237356393451307E-007           1
         393  0.99997317822578236       -2.3379335023498982E-007           1
         394  0.99997329512245747       -4.8922303297338487E-007           1
         395  0.99997353973397396       -6.6022110956076574E-007           1
         396  0.99997386984452874       -1.3700521934723042E-006           1
         397  0.99997455487062548       -2.9443840987575243E-007           1
         398  0.99997470208983041       -7.2060156641740036E-007           1
         399  0.99997506239061362       -2.3518248102316619E-006           1
         400  0.99997623830301874       -1.9530543560186686E-007           1
         401  0.99997633595573654       -1.1667623946998162E-006           1
         402  0.99997691933693389       -8.3776390158440961E-007           1
         403  0.99997733821888468       -4.0735213957532324E-007           1
         404  0.99997754189495447       -8.8122542818425131E-008           1
         405  0.99997758595622588       -5.3181876902286263E-008           1
         406  0.99997761254716433       -8.0687851955474343E-008           1
         407  0.99997765289109031       -4.2723082982476512E-007           1
         408  0.99997786650650522       -7.5429434009954832E-007           1
         409  0.99997824365367527       -3.7875987102253816E-007           1
         410  0.99997843303361078       -2.0584665216816234E-007           1
         411  0.99997853595693686       -2.8577407995555859E-008           1
         412  0.99997855024564086       -1.2738144508084304E-006           1
         413  0.99997918715286627       -5.6938382275717458E-007           1
         414  0.99997947184477765       -6.3670674621540968E-007           1
         415  0.99997979019815075       -1.1556360357545259E-006           1
         416  0.99998036801616863       -2.1483382472986534E-007           1
         417  0.99998047543308100       -9.0073710046212341E-008           1
         418  0.99998052046993602       -1.1683335965351205E-007           1
         419  0.99998057888661585       -3.6754204568723026E-008           1
         420  0.99998059726371813       -1.1917140541051197E-007           1
         421  0.99998065684942083       -2.1214033618655037E-007           1
         422  0.99998076291958893       -2.3598937182178759E-007           1
         423  0.99998088091427484       -4.6316693160797229E-006           1
         424  0.99998319674893288       -4.5172288243300329E-007           1
         425  0.99998342261037410       -1.7594814782917467E-007           1
         426  0.99998351058444801       -5.0296904596791592E-007           1
         427  0.99998376206897099       -9.2905131143794506E-008           1
         428  0.99998380852153657       -1.9666288331166015E-007           1
         429  0.99998390685297822       -3.1872553736267406E-006           1
         430  0.99998550048066503       -5.0268240658901675E-007           1
         431  0.99998575182186833       -9.9776817408248064E-007           1
         432  0.99998625070595537       -1.1096277741096117E-007           1
         433  0.99998630618734408       -1.5065458791596598E-007           1
         434  0.99998638151463803       -1.3325253678253546E-007           1
         435  0.99998644814090643       -7.8207326392742971E-008           1
         436  0.99998648724456962       -1.4084314181594948E-007           1
         437  0.99998655766614053       -2.4948496601950865E-008           1
         438  0.99998657014038883       -2.8666254259235302E-008           1
         439  0.99998658447351596       -2.9000233570108946E-007           1
         440  0.99998672947468381       -3.1516252496643915E-007           1
         441  0.99998688705594629       -1.2947520278139280E-007           1
         442  0.99998695179354768       -1.2771771438213619E-006           1
         443  0.99998759038211960       -6.0790964928614244E-008           1
         444  0.99998762077760206       -7.1136617951772507E-007           1
         445  0.99998797646069182       -3.1673336597926038E-007           1
         446  0.99998813482737481       -2.7927261325721986E-007           1
         447  0.99998827446368144       -1.0257512217393128E-007           1
         448  0.99998832575124252       -6.1492249958661205E-008           1
         449  0.99998835649736750       -2.4926961779137002E-006           1
         450  0.99998960284545646       -3.4957591710238489E-007           1
         451  0.99998977763341501       -1.2453311337701223E-007           1
         452  0.99998983989997170       -1.5713442280684831E-007           1
         453  0.99998991846718310       -1.0957254259480464E-007           1
         454  0.99998997325345440       -7.6094013312655306E-008           1
         455  0.99999001130046106       -2.0214398059881233E-006           1
         456  0.99999102202036405       -5.2944938655485885E-008           1
         457  0.99999104849283338       -9.9731987113216292E-009           1
         458  0.99999105347943273       -3.3861716115524132E-006           1
         459  0.99999274656523851       -1.1426043591278301E-006           1
         460  0.99999331786741807       -1.2698309914682682E-007           1
         461  0.99999338135896765       -7.3986654580693312E-009           1
         462  0.99999338505830038       -1.8959009695507234E-007           1
         463  0.99999347985334885       -2.7085137244142743E-008           1
         464  0.99999349339591748       -1.7861605772218070E-007           1
         465  0.99999358270394634       -3.2777369041170346E-008           1
         466  0.99999359909263086       -2.7110469424940220E-008           1
         467  0.99999361264786557       -7.9491977666990010E-008           1
         468  0.99999365239385440       -1.7333553770093602E-007           1
         469  0.99999373906162325       -1.9456927824457182E-007           1
         470  0.99999383634626238       -1.0018254470445243E-007           1
         471  0.99999388643753473       -2.6214437287563896E-009           1
         472  0.99999388774825659       -2.8781682148704135E-008           1
         473  0.99999390213909767       -7.6879565158449736E-008           1
         474  0.99999394057888025       -1.0572129327535151E-007           1
         475  0.99999399343952688       -1.6923822787617837E-008           1
         476  0.99999400190143828       -3.4291523980378713E-006           1
         477  0.99999571647763730       -8.0604381835769345E-008           1
         478  0.99999575677982822       -4.7422017424025853E-009           1
         479  0.99999575915092909       -2.6939838138062555E-008           1
         480  0.99999577262084816       -2.8864078016610506E-008           1
         481  0.99999578705288716       -8.1483080505151406E-008           1
         482  0.99999582779442742       -4.8437745592266879E-008           1
         483  0.99999585201330021       -2.9396541045834113E-007           1
         484  0.99999599899600544       -1.5872581693443522E-008           1
         485  0.99999600693229629       -3.1467294703269033E-007           1
         486  0.99999616426876980       -2.3975133323084208E-007           1
         487  0.99999628414443642       -1.6330433827427271E-007           1
         488  0.99999636579660556       -9.0841657041096369E-007           1
         489  0.99999682000489076       -1.5115659390829705E-008           1
         490  0.99999682756272046       -3.3628517748240938E-009           1
         491  0.99999682924414635       -1.3990332692337404E-007           1
         492  0.99999689919580981       -8.9039438044835606E-009           1
         493  0.99999690364778171       -1.1130715904528188E-008           1
         494  0.99999690921313966       -3.0208777035412027E-008           1
         495  0.99999692431752818       -2.7279608683095091E-007           1
         496  0.99999706071557160       -2.5828167737884655E-007           1
         497  0.99999718985641028       -6.5528551251858858E-008           1
         498  0.99999722262068591       -1.6335947816692453E-007           1
         499  0.99999730430042499       -7.1930830181088368E-009           1
         500  0.99999730789696650       -4.1140348905344126E-008           1
         501  0.99999732846714096       -9.4912729231566573E-008           1
         502  0.99999737592350557       -2.1575582431765383E-008           1
         503  0.99999738671129679       -5.1166042513983712E-009           1
         504  0.99999738926959891       -4.3937268046079225E-008           1
         505  0.99999741123823294       -1.7831012222302434E-008           1
         506  0.99999742015373905       -1.4106402046465405E-007           1
         507  0.99999749068574928       -1.0115667103960391E-007           1
         508  0.99999754126408480       -5.9214733116874640E-009           1
         509  0.99999754422482146       -3.8440124416894150E-008           1
         510  0.99999756344488366       -5.7884160198362622E-007           1
         511  0.99999785286568466       -2.5979421058863750E-008           1
         512  0.99999786585539518       -7.5698684431912966E-008           1
         513  0.99999790370473740       -7.1113379918052999E-007           1
         514  0.99999825927163699       -5.3190261750657442E-008           1
         515  0.99999828586676787       -1.4143690663104280E-008           1
         516  0.99999829293861320       -9.9952419674309567E-009           1
         517  0.99999829793623418       -9.3489538333102473E-009           1
         518  0.99999830261071110       -1.6276649850155422E-007           1
         519  0.99999838399396035       -5.0224703063150855E-008           1
         520  0.99999840910631188       -4.9484360165052976E-008           1
         521  0.99999843384849196       -1.7265198826166284E-008           1
         522  0.99999844248109138       -6.6871828074965833E-009           1
         523  0.99999844582468278       -2.6989598267412873E-007           1
         524  0.99999858077267412       -7.4599824984034058E-008           1
         525  0.99999861807258661       -5.8044624662301203E-008           1
         526  0.99999864709489894       -1.2205866761760831E-008           1
         527  0.99999865319783232       -3.7857871948432376E-008           1
         528  0.99999867212676830       -4.6734942582560279E-009           1
         529  0.99999867446351542       -1.3283017130660824E-008           1
         530  0.99999868110502399       -7.4400081651049277E-009           1
         531  0.99999868482502807       -8.9867266961363157E-009           1
         532  0.99999868931839142       -2.4403313414467220E-007           1
         533  0.99999881133495849       -1.1855984638486916E-008           1
         534  0.99999881726295081       -1.6583316675422566E-007           1
         535  0.99999890017953419       -1.1581573255980970E-008           1
         536  0.99999890597032082       -3.6199924391411287E-008           1
         537  0.99999892407028301       -1.7763328852282712E-007           1
         538  0.99999901288692727       -1.0768998359722559E-008           1
         539  0.99999901827142645       -1.8471238538708690E-008           1
         540  0.99999902750704572       -2.0172987502675710E-008           1
         541  0.99999903759353947       -8.9990566110031978E-009           1
         542  0.99999904209306778       -1.4381154489484516E-008           1
         543  0.99999904928364503       -2.1906373315339067E-007           1
         544  0.99999915881551160       -3.0625133540240768E-008           1
         545  0.99999917412807837       -3.2940187688623723E-008           1
         546  0.99999919059817222       -3.5335105952327694E-008           1
         547  0.99999920826572519       -1.6124697355124340E-008           1
         548  0.99999921632807387       -1.7029373822197158E-007           1
         549  0.99999930147494298       -4.5182437347079940E-008           1
         550  0.99999932406616165       -2.3500503765205849E-009           1
         551  0.99999932524118684       -4.6769289108183898E-008           1
         552  0.99999934862583140       -2.8321616185600362E-007           1
         553  0.99999949023391232       -7.2013370822077150E-009           1
         554  0.99999949383458087       -1.6355165888271017E-008           1
         555  0.99999950201216381       -2.9613721697074880E-008           1
         556  0.99999951681902466       -5.9641470206983627E-008           1
         557  0.99999954663975976       -1.5175831369340642E-007           1
         558  0.99999962251891661       -2.6584141554764074E-009           1
         559  0.99999962384812369       -4.1543728457327234E-009           1
         560  0.99999962592531011       -3.4396199222186397E-008           1
         561  0.99999964312340972       -3.1565416946932601E-009           1
         562  0.99999964470168057       -4.4901051765577904E-009           1
         563  0.99999964694673316       -1.0234535441355774E-008           1
         564  0.99999965206400088       -8.7987652497290014E-008           1
         565  0.99999969605782713       -3.0649420779127468E-009           1
         566  0.99999969759029816       -1.7217915981859733E-008           1
         567  0.99999970619925616       -6.8509578010633732E-009           1
         568  0.99999970962473506       -2.9954583258273715E-009           1
         569  0.99999971112246422       -2.1412447370749987E-009           1
         570  0.99999971219308659       -7.2466803668902458E-009           1
         571  0.99999971581642677       -4.3564762908232524E-009           1
         572  0.99999971799466492       -3.0453235488892005E-009           1
         573  0.99999971951732669       -1.5463650360203474E-009           1
         574  0.99999972029050921       -1.5355166027575251E-009           1
         575  0.99999972105826751       -2.5494750754972983E-009           1
         576  0.99999972233300505       -8.1296371856609539E-009           1
         577  0.99999972639782364       -1.4345721277564394E-008           1
         578  0.99999973357068428       -3.7844343214743503E-009           1
         579  0.99999973546290144       -8.5304934227536933E-009           1
         580  0.99999973972814815       -4.8484531722792212E-008           1
         581  0.99999976397041401       -6.2619294194377062E-009           1
         582  0.99999976710137872       -3.2358329793424900E-008           1
         583  0.99999978328054362       -1.8728603112805331E-009           1
         584  0.99999978421697377       -1.0948515427600114E-009           1
         585  0.99999978476439955       -5.7436297939972292E-009           1
         586  0.99999978763621444       -1.0166549824219828E-009           1
         587  0.99999978814454193       -9.3817726920519817E-009           1
         588  0.99999979283542828       -1.9830754816041463E-009           1
         589  0.99999979382696602       -3.4456730801935009E-009           1
         590  0.99999979554980256       -1.5785661666711803E-010           1
         591  0.99999979562873087       -8.5664979554422871E-009           1
         592  0.99999979991197985       -2.9925601996438900E-009           1
         593  0.99999980140825995        9.0558605059243291E-010           2
         594  0.99999980109029851       -2.2100159480231696E-009           3
         595  0.99999980172130465       -7.1498253984003668E-009           3
         596  0.99999980376273045       -7.5854755809956487E-009           3
         597  0.99999980592854354       -2.0326651473112634E-009           3
         598  0.99999980650891229       -5.2465893851660894E-009           3
         599  0.99999980800692412        1.9606427592577802E-010           4
         600  0.99999980795858290       -3.3823832623625094E-010           5
         601  0.99999980803300781       -1.5041370371449148E-009           5
         602  0.99999980836397329        3.4683611538355308E-010           6
         603  0.99999980829443291       -1.1939751409784094E-009           7
         604  0.99999980851572468       -2.4347861504736557E-009           7
         605  0.99999980896698881       -5.6248583568674348E-010           7
         606  0.99999980907124009       -7.9237656436248471E-009           7
         607  0.99999981053983367       -1.1801930543953176E-009           7
         608  0.99999981075857103       -6.1011466989668861E-009           7
         609  0.99999981188935971       -6.6545857713151690E-010           7
         610  0.99999981201269605       -9.6098800028698861E-009           7
         611  0.99999981379379466       -1.6160862204017690E-008           7
         612  0.99999981678905470       -2.5105120204926834E-009           7
         613  0.99999981725435394       -8.2233293507982808E-009           7
         614  0.99999981877846877        9.9865604674675978E-010           8
         615  0.99999981860556275       -1.1152401890868191E-008           9
         616  0.99999982042390123        9.3455243543871802E-010          10
         617  0.99999982027949907       -1.1762331109110846E-009          11
         618  0.99999982045262137       -1.9179855481610275E-009          11
         619  0.99999982073491755       -1.2551371053604043E-008          11
         620  0.99999982258227482       -4.3046426423387629E-009          11
         621  0.99999982321584813       -1.5939116693175492E-010          11
         622  0.99999982323930792       -3.0301938735988188E-010          11
         623  0.99999982328390746       -8.3204838574602036E-009          11
         624  0.99999982450854707       -1.6812220060558047E-008          11
         625  0.99999982698303191       -1.6553678428010699E-009          11
         626  0.99999982722667513       -1.9145027785327784E-009          11
         627  0.99999982750845873       -4.4588464032102593E-009          11
         628  0.99999982816472832       -4.1399121908369807E-009          11
         629  0.99999982877405591       -1.4064643005795574E-008          11
         630  0.99999983084414223       -5.8695244220530185E-009          11
         631  0.99999983170804063       -2.2572439473123040E-009          11
         632  0.99999983204027021        1.1864182969389958E-009          12
         633  0.99999983187322827       -1.8185400962877907E-008          13
         634  0.99999983433122774       -1.5781709050699533E-008          13
         635  0.99999983646433610       -3.7078096148945860E-010          13
         636  0.99999983651445212       -1.1157210266787843E-008          13
         637  0.99999983802249781       -9.1543284064243835E-010          13
         638  0.99999983814623072        2.0605095407688623E-010          14
         639  0.99999983811941318       -5.0322572775485241E-009          15
         640  0.99999983875171772       -2.3084820721663846E-009          15
         641  0.99999983904177914        2.8712565658395306E-010          16
         642  0.99999983900686984       -4.9015680403385886E-011          17
         643  0.99999983901264777       -5.2058093391593729E-009          17
         644  0.99999983962630989       -2.7035220728777176E-009          17
         645  0.99999983994500175       -8.1763511516896870E-009          17
         646  0.99999984090883209       -5.0492874326124593E-009          17
         647  0.99999984150404342       -7.8155133476087713E-009          17
         648  0.99999984242533813       -3.0402343309532398E-008          17
         649  0.99999984600917402       -1.0023964769345639E-008          17
         650  0.99999984719080148       -7.0746830616030820E-009          17
         651  0.99999984802476694       -1.2340632959961795E-009          17
         652  0.99999984817023868       -4.0752090590956414E-009          17
         653  0.99999984865062530       -7.9537771924265144E-009          17
         654  0.99999984958821853       -1.8865264461709330E-008          17
         655  0.99999985181206064       -3.5705325363011298E-009          17
         656  0.99999985223295595       -5.7414131227062626E-009          17
         657  0.99999985290975513       -5.4182884845488388E-009          17
         658  0.99999985354846432        5.0041348842455591E-010          18
         659  0.99999985349117015       -7.4431310004285933E-009          19
         660  0.99999985432018312       -1.5204329351092838E-008          19
         661  0.99999985601363528       -3.9125984674370784E-009          19
         662  0.99999985644941891       -7.6273942717364207E-010          19
         663  0.99999985653437251       -4.8539039454453814E-009          19
         664  0.99999985707499839        5.5760751571654055E-010          20
         665  0.99999985701449590        9.9226005190189426E-010          20
         666  0.99999985690683202       -1.1008898237463427E-008          21
         667  0.99999985807198255       -9.8304475670829561E-011          21
         668  0.99999985808238678       -1.3637231344176826E-009          21
         669  0.99999985822671933       -5.0789537020534681E-009          21
         670  0.99999985876426134       -9.7204355675728493E-010          21
         671  0.99999985886713971        2.5817636917224718E-010          22
         672  0.99999985884045572       -1.0611649337022300E-009          23
         673  0.99999985894767474        8.0990192330432365E-010          24
         674  0.99999985886760012       -6.0286176051249640E-010          25
         675  0.99999985892597665       -3.1114177900803952E-010          25
         676  0.99999985895610521       -6.3213831946740129E-009          25
         677  0.99999985956821980       -4.5577097651516851E-010          25
         678  0.99999985961235316        4.2039793868298148E-010          26
         679  0.99999985957245119       -3.6304321771041259E-009          27
         680  0.99999985991046370       -3.4534477499903460E-009          27
         681  0.99999986023199805       -1.9337536016905688E-009          27
         682  0.99999986041204081       -1.2015615169502780E-009          27
         683  0.99999986052391254       -4.5046966157258339E-010          27
         684  0.99999986056585366       -9.5026353452709600E-009          27
         685  0.99999986145059949       -1.1085019568923826E-009          27
         686  0.99999986155380693       -7.3061761085568833E-009          27
         687  0.99999986223405080        5.0762039016660765E-010          28
         688  0.99999986218765713       -3.1247442411341808E-009          29
         689  0.99999986246817563       -1.3976411139537959E-009          29
         690  0.99999986259364648       -1.8785654809505559E-008          29
         691  0.99999986428009602        1.0174483477953800E-009          30
         692  0.99999986419032205       -4.7744799225313272E-009          31
         693  0.99999986460460932        5.1262616374003755E-010          32
         694  0.99999986456084256       -9.8792418690152317E-010          33
         695  0.99999986464387569       -4.0296654901794682E-010          33
         696  0.99999986467774427       -5.4464499577022707E-010          33
         697  0.99999986472352065       -1.1990668458139453E-009          33
         698  0.99999986482429992       -2.2138151312134369E-009          33
         699  0.99999986501036686       -1.0301418384983663E-008          33
         700  0.99999986587618150       -5.6340794252207616E-009          33
         701  0.99999986634971516       -2.1463142374500421E-010          33
         702  0.99999986636775451       -2.3865212028795213E-009          33
         703  0.99999986656833706       -1.6209027453584213E-008          33
         704  0.99999986793067497       -5.7760949356833180E-009          33
         705  0.99999986841614474       -4.8304709121538281E-009          33
         706  0.99999986882213665       -3.5691782862556920E-010          33
         707  0.99999986885213488        1.0372414038783973E-009          34
         708  0.99999986876627389       -1.5837036126953308E-009          35
         709  0.99999986889544612        3.9454017830564680E-010          36
         710  0.99999986886372516       -6.7606809039943982E-010          37
         711  0.99999986891732673       -1.4387930846737618E-009          37
         712  0.99999986903140037        6.4679306355230892E-010          38
         713  0.99999986898081261       -4.6787407281811966E-009          39
         714  0.99999986934193630       -5.0605608592491080E-009          39
         715  0.99999986973253041       -1.6000168967522654E-008          39
         716  0.99999987096748677       -4.6516537288709969E-009          39
         717  0.99999987132651980        8.0135142965787054E-010          40
         718  0.99999987126546186       -2.2012236478019531E-009          41
         719  0.99999987143108249       -4.2605721173316624E-009          41
         720  0.99999987175164895       -1.1639749164515933E-009          41
         721  0.99999987183922667       -1.8721586503289700E-009          41
         722  0.99999987198008833       -4.4458474679487381E-009          41
         723  0.99999987231459497       -4.2741516992350626E-009          41
         724  0.99999987263618317       -1.1656941767412832E-007          41
         725  0.99999988140689544       -5.5790065900396257E-009          41
         726  0.99999988182666133       -1.5054546498305399E-009          41
         727  0.99999988193993217       -2.4748163518495403E-009          41
         728  0.99999988212613800       -1.1238829866755395E-009          41
         729  0.99999988221069924       -2.5482127519182995E-010          41
         730  0.99999988222987202       -3.3629441453797426E-009          41
         731  0.99999988248290073       -3.0902236325403010E-009          41
         732  0.99999988271540996       -2.2488637618778284E-009          41
         733  0.99999988288461505       -2.0263657418695402E-010          41
         734  0.99999988289986153       -1.1352812023801562E-009          41
         735  0.99999988298528042       -2.3711019814243173E-009          41
         736  0.99999988316368271       -3.4997849063245212E-009          41
         737  0.99999988342700741       -3.3922302744571198E-009          41
         738  0.99999988368223969       -9.5765950725024140E-010          41
         739  0.99999988375429427       -6.9303103256146414E-009          41
         740  0.99999988427573261       -1.7608878799535432E-009          41
         741  0.99999988440822229       -1.5511509854349015E-009          41
         742  0.99999988452493127       -1.8507195775896434E-009          41
         743  0.99999988466417988       -1.7956858222589744E-009          41
         744  0.99999988479928770       -2.1175683428964476E-009          41
         745  0.99999988495861403       -1.9492798486453466E-009          41
         746  0.99999988510527837        7.9931283814005383E-010          42
         747  0.99999988504587245       -6.4957679235533305E-009          43
         748  0.99999988552288699       -1.3541092691582435E-009          43
         749  0.99999988562232556       -1.2557945794355874E-009          43
         750  0.99999988571454446       -3.3023559442568740E-009          43
         751  0.99999988595705180       -2.3758828238129581E-009          43
         752  0.99999988613152391        7.4309003395001128E-011          44
         753  0.99999988612613067       -4.0176084681320390E-009          45
         754  0.99999988641440052       -9.2206762225544026E-009          45
         755  0.99999988707599885       -1.5674893649730848E-007          45
         756  0.99999989832298664       -3.6276559534087482E-008          45
         757  0.99999990092588797       -1.9298795894684417E-009          45
         758  0.99999990106435999       -4.3890659995327042E-009          45
         759  0.99999990137928252       -3.7781593409391689E-009          45
         760  0.99999990165037156       -1.8088142095251669E-009          45
         761  0.99999990178015685        7.0849792699334557E-010          46
         762  0.99999990172988762       -2.9970643744547942E-009          47
         763  0.99999990194021515       -4.0960108638188331E-009          47
         764  0.99999990222766444       -5.8033355898601258E-011          47
         765  0.99999990223173707        9.2444785160239462E-010          48
         766  0.99999990216755419        1.3804024590058361E-010          48
         767  0.99999990215797030       -2.7876936314896739E-009          49
         768  0.99999990234949065        6.7324767982768208E-010          50
         769  0.99999990230371127        1.4810552784183528E-009          50
         770  0.99999990220300272        5.3934079424777792E-010          50
         771  0.99999990216632872        3.1882274598160620E-010          50
         772  0.99999990214464951       -5.0517690031171014E-009          51
         773  0.99999990248470727       -1.5453109902807682E-009          51
         774  0.99999990258872928       -4.9638693155884539E-010          51
         775  0.99999990262214333       -1.2712246810764327E-009          51
         776  0.99999990270771533       -1.2810007055108485E-008          51
         777  0.99999990357001567       -6.6701977274874480E-011          51
         778  0.99999990357450563       -1.6153808735097641E-008          51
         779  0.99999990466189270       -3.3123894738196213E-009          51
         780  0.99999990488486490        1.4109491353053727E-010          52
         781  0.99999990487546075       -6.9123868851050929E-009          53
         782  0.99999990533172600       -5.9052163159378779E-010          53
         783  0.99999990537070449       -5.1943656043107467E-009          53
         784  0.99999990571356845       -1.9671519968511575E-009          53
         785  0.99999990584341403       -2.5425361815933911E-009          53
         786  0.99999990601123900       -2.6438136124795619E-009          53
         787  0.99999990618574897       -1.0560696761530153E-009          53
         788  0.99999990625545687        4.8243120609470225E-010          54
         789  0.99999990622391521       -5.3432813729159534E-011          55
         790  0.99999990622737611       -5.2409854234269915E-010          55
         791  0.99999990626132285       -1.5317407342507749E-009          55
         792  0.99999990636053626        7.9128836816266812E-010          56
         793  0.99999990630975200       -2.6774675809804194E-009          57
         794  0.99999990648004544       -2.1197614774592921E-009          57
         795  0.99999990661486748        2.1104407110783541E-010          58
         796  0.99999990660156313       -5.4819868644528924E-009          59
         797  0.99999990694415219       -1.8031136583829266E-009          59
         798  0.99999990705683528       -1.4200738363001619E-009          59
         799  0.99999990714558085       -2.3223820644346915E-009          59
         800  0.99999990729071486       -1.0409095807517588E-009          59
         801  0.99999990735576505       -2.3959635164771953E-008          59
         802  0.99999990885308865       -2.8292908016425145E-009          59
         803  0.99999990902990121       -1.7632530990852047E-009          59
         804  0.99999990914009318       -6.1466720602254554E-010          59
         805  0.99999990917850590       -7.5929675213970427E-008          59
         806  0.99999991392362397       -3.2466451749257885E-010          59
         807  0.99999991394391341        1.0207565903641580E-009          60
         808  0.99999991388066711        6.6716809854483472E-010          60
         809  0.99999991383932929       -3.7014950660108070E-008          61
         810  0.99999991611353090       -9.1266416646362813E-010          61
         811  0.99999991616960504        1.9096706438403999E-009          62
         812  0.99999991605324368       -8.7634921541734911E-010          63
         813  0.99999991610620798       -1.7368115168281406E-008          63
         814  0.99999991715589298       -9.2933800655004006E-009          63
         815  0.99999991771756147       -5.4616311473409951E-010          63
         816  0.99999991775057018       -2.7546964709301847E-009          63
         817  0.99999991791705711       -9.4112806436896790E-010          63
         818  0.99999991797393650       -2.4550632637954095E-009          63
         819  0.99999991812231437       -4.0395264910841888E-010          63
         820  0.99999991814672828       -1.1668925825603083E-009          63
         821  0.99999991821725231       -6.5356422496165578E-009          63
         822  0.99999991861225002        6.2078009399613165E-010          64
         823  0.99999991857503179       -1.4904339984411763E-009          65
         824  0.99999991866368554       -3.9421403918993292E-009          65
         825  0.99999991889817119       -4.4134780274873719E-009          65
         826  0.99999991916069286        5.0854609412454010E-010          66
         827  0.99999991913067821       -1.6898533683473715E-008          67
         828  0.99999992012041761       -5.4243676217424763E-010          67
         829  0.99999992015218786       -8.1419382347291958E-010          67
         830  0.99999992019987483       -1.8810197843777132E-009          67
         831  0.99999992031004525       -1.7114643036109101E-010          67
         832  0.99999992032006924       -5.7311688728134413E-009          67
         833  0.99999992065574117       -5.9545557373752445E-009          67
         834  0.99999992100449675       -1.1918244169351055E-010          67
         835  0.99999992101147717       -5.6010820426166674E-009          67
         836  0.99999992133952997       -6.5993388531637720E-010          67
         837  0.99999992137818206       -2.0425350300001810E-009          67
         838  0.99999992149781236       -2.2734676363711515E-009          67
         839  0.99999992163096829       -2.7787202538931410E-008          67
         840  0.99999992325845211       -3.7057190649392169E-009          67
         841  0.99999992347549438       -7.3461170480015880E-010          67
         842  0.99999992351852030        1.9380994586981615E-009          68
         843  0.99999992340586108       -5.9956173359410059E-010          69
         844  0.99999992344045430       -1.0048122334183063E-009          69
         845  0.99999992349842948       -2.1328971921974471E-009          69
         846  0.99999992362149226       -1.7289194520486717E-009          69
         847  0.99999992372124658       -2.6841693312462667E-009          69
         848  0.99999992387611647       -4.3367232027691216E-009          69
         849  0.99999992412633454       -3.9546155239378322E-009          69
         850  0.99999992435450591       -2.8487450176584161E-009          69
         851  0.99999992451887132       -2.5549495852317250E-009          69
         852  0.99999992466628551       -9.0292242571621273E-009          69
         853  0.99999992518724912       -3.2621367829221981E-009          69
         854  0.99999992537546623       -2.4006721055513935E-009          69
         855  0.99999992551397898       -2.2930253251729482E-009          69
         856  0.99999992564628082       -3.5371952034068954E-009          69
         857  0.99999992585036812       -1.1271554800629247E-009          69
         858  0.99999992591540221       -1.2494956180830741E-009          69
         859  0.99999992598749499        2.0766339758893082E-009          70
         860  0.99999992586855446        1.0535228245345252E-009          70
         861  0.99999992580821329        1.4182099938864212E-010          70
         862  0.99999992580009045       -8.2800877265754025E-010          71
         863  0.99999992584717334       -2.6450051038295896E-009          71
         864  0.99999992599757570       -1.8936900936239454E-009          71
         865  0.99999992610525623       -3.7055536417085477E-010          71
         866  0.99999992612632704        6.9035821503860006E-010          72
         867  0.99999992608735033       -8.0006667957377431E-010          73
         868  0.99999992613220434        1.4214029953052432E-010          74
         869  0.99999992612429067       -5.0241040217002819E-009          75
         870  0.99999992640210034       -5.6229687572795228E-011          75
         871  0.99999992640520963       -2.4518085339764184E-009          75
         872  0.99999992654078329       -1.2210682465152445E-008          75
         873  0.99999992721597752        9.6352215095407701E-010          76
         874  0.99999992716305786        1.0843304032448486E-010          76
         875  0.99999992715710240       -9.2149154973242275E-009          77
         876  0.99999992765985124       -3.5648339835603338E-009          77
         877  0.99999992785434200       -2.6021034216228145E-009          77
         878  0.99999992799630799       -2.2566097879206382E-009          77
         879  0.99999992811942451       -3.2199116706266295E-009          77
         880  0.99999992829509698       -9.8293444494856885E-009          77
         881  0.99999992883136790       -7.5068511407039296E-009          77
         882  0.99999992924092795       -2.0335124695236573E-009          77
         883  0.99999992935187265        1.0265768235484529E-009          78
         884  0.99999992929623183       -2.8474742563844302E-009          79
         885  0.99999992944956639        1.0426690622011847E-009          80
         886  0.99999992939377846       -1.2305094720943544E-009          81
         887  0.99999992945920102       -9.1379681599335072E-010          81
         888  0.99999992950778493       -1.9528290096104683E-010          81
         889  0.99999992951816752        1.2894347811709395E-009          82
         890  0.99999992945003968        1.7488226422557318E-009          82
         891  0.99999992935763993       -3.2848634923254849E-009          83
         892  0.99999992953012740       -1.4924790292525358E-009          83
         893  0.99999992960849715       -5.5735542847656916E-009          83
         894  0.99999992990116326       -4.6750050497479378E-009          83
         895  0.99999993014664679       -1.0230420954826513E-009          83
         896  0.99999993020036648       -1.8914196875385869E-009          83
         897  0.99999993029968448       -6.5114247327358044E-010          83
         898  0.99999993033387580       -7.3792973953601404E-009          83
         899  0.99999993072136106        3.6121217128481931E-010          84
         900  0.99999993070250937       -1.2884262545753700E-009          85
         901  0.99999993076934779       -1.4362075972940147E-009          85
         902  0.99999993084385252       -2.4198696380040019E-009          85
         903  0.99999993096938566        1.0400824645984130E-009          86
         904  0.99999993091575123       -3.8078060704549443E-009          87
         905  0.99999993111095586       -9.7188457282015861E-010          87
         906  0.99999993116077890       -8.4564755198357489E-010          87
         907  0.99999993120413044       -3.3962181955615733E-009          87
         908  0.99999993137823528       -2.9730928829962977E-010          87
         909  0.99999993139347665       -8.7501501599973608E-009          87
         910  0.99999993184204716       -4.9544235380949431E-010          87
         911  0.99999993186744562       -8.6896712048201152E-011          87
         912  0.99999993187190028       -5.3346989048463911E-009          87
         913  0.99999993214537997       -5.6453488550545217E-009          87
         914  0.99999993243478491       -8.5222939816276266E-011          87
         915  0.99999993243915386       -4.0836691805878900E-009          87
         916  0.99999993264850040       -1.2575696040073581E-010          87
         917  0.99999993265494724       -3.2502438518378085E-009          87
         918  0.99999993282156874        1.9378816329407300E-009          88
         919  0.99999993272280197       -2.6869411140495458E-009          89
         920  0.99999993285895872        8.4626283758382215E-010          90
         921  0.99999993281631927       -1.5098831074311647E-009          91
         922  0.99999993289196809        9.6229690882410068E-012          92
         923  0.99999993289148859       -7.4740102995463076E-010          93
         924  0.99999993292852229       -2.0381344389974743E-008          93
         925  0.99999993393841802       -5.6260374137195868E-010          93
         926  0.99999993396629505       -2.0471908612762491E-009          93
         927  0.99999993406773335       -2.2018356249375870E-008          93
         928  0.99999993515874297       -3.8332019780540350E-009          93
         929  0.99999993534867815       -4.6211923176997516E-010          93
         930  0.99999993537157617        1.2881615774062993E-009          94
         931  0.99999993530809494        6.8026562161094262E-010          94
         932  0.99999993527457109       -3.6184386598137053E-009          95
         933  0.99999993545192967       -2.2377211195134805E-010          95
         934  0.99999993546289789       -1.0081764756364464E-008          95
         935  0.99999993595705783       -7.7453636837532258E-009          95
         936  0.99999993633669859       -6.7283225657632784E-009          95
         937  0.99999993666648879       -1.5833159228151317E-009          95
         938  0.99999993674409537        2.3903345969245038E-010          96
         939  0.99999993673244147       -8.1535975748892042E-009          97
         940  0.99999993712786794       -3.3017681921876374E-009          97
         941  0.99999993728799441       -4.2463363936207088E-009          97
         942  0.99999993749392968       -3.1640690068002186E-011          97
         943  0.99999993749546412       -7.9936945951430971E-011          97
         944  0.99999993749934080       -1.2483081235359350E-010          97
         945  0.99999993750539473       -1.7479955261023861E-009          97
         946  0.99999993759016759       -1.1953198431058354E-009          97
         947  0.99999993764813722        1.3713252755565009E-010          98
         948  0.99999993764152140       -8.8211882243172113E-011          99
         949  0.99999993764575512        3.2377700520669350E-010         100
         950  0.99999993763029493       -4.6887385085625510E-009         101
         951  0.99999993785304719       -5.4062037069257940E-009         101
         952  0.99999993810988475       -1.2801080195856684E-009         101
         953  0.99999993817069999       -1.0800997873872120E-009         101
         954  0.99999993822201327       -3.4560888595436268E-008         101
         955  0.99999993986392954       -4.7726356200428199E-010         101
         956  0.99999993988660330       -4.1405590067711273E-009         101
         957  0.99999994008331272       -6.0733325035755570E-009         101
         958  0.99999994037184414        6.6171423895866610E-010         102
         959  0.99999994034056505        3.5055425229302273E-010         102
         960  0.99999994032399442       -1.5169474565368546E-009         103
         961  0.99999994039534434        2.0184187654592733E-010         104
         962  0.99999994038589735       -1.3371812546125739E-009         105
         963  0.99999994044817808       -3.0657898442143505E-010         105
         964  0.99999994046245733       -2.6315489787265278E-009         105
         965  0.99999994058502473        1.0554128682116470E-009         106
         966  0.99999994053610475       -2.1247443804384147E-009         107
         967  0.99999994063411934       -8.3483664425898496E-010         107
         968  0.99999994067263043       -1.1931728494118943E-008         107
         969  0.99999994122304214       -6.0739524521125077E-010         107
         970  0.99999994125106129       -3.8628400478302183E-009         107
         971  0.99999994142925441       -3.6165426209322504E-010         107
         972  0.99999994144593751       -1.9953940721961771E-009         107
         973  0.99999994153798522        3.2156322049559094E-010         108
         974  0.99999994152322169       -1.0658397942009401E-008         109
         975  0.99999994201027265        6.4050942327753546E-010         110
         976  0.99999994198113962       -2.2580519676296262E-009         111
         977  0.99999994208337217       -3.5505740569874433E-009         111
         978  0.99999994224412325       -1.5257946017754875E-009         111
         979  0.99999994231320311       -5.7286375643172960E-010         111
         980  0.99999994233913936        1.0711405096230919E-009         112
         981  0.99999994229086508       -6.3993192966904644E-009         113
         982  0.99999994257796543       -2.7051207940331778E-009         113
         983  0.99999994269932857        8.9950491499735108E-011         114
         984  0.99999994269531112        1.6205814468150948E-010         114
         985  0.99999994268807313       -1.5661723029580799E-009         115
         986  0.99999994275771231        1.7320522793795590E-010         116
         987  0.99999994275004478       -4.4786596653523247E-010         117
         988  0.99999994276978466        1.1978447123084379E-009         118
         989  0.99999994271721793        7.1188943628897050E-010         118
         990  0.99999994268597714        3.9577321420125600E-009         118
         991  0.99999994251229440       -4.3082690748263985E-009         119
         992  0.99999994270054826       -4.5347126054195996E-010         119
         993  0.99999994272036308        9.3067753503817130E-010         120
         994  0.99999994267986947       -3.3411273747674386E-010         121
         995  0.99999994269434522       -1.8526471468049976E-009         121
         996  0.99999994277461313       -8.5874241051442368E-010         121
         997  0.99999994281181903       -2.1542390093998165E-010         121
         998  0.99999994282115245       -2.9645526034016711E-009         121
         999  0.99999994294959493       -3.8149197134629276E-009         121
        1000  0.99999994311488050       -1.5156407240368708E-009         121
